845902.41 997273.21 882.34
845882.34 997273.43 880.98
845860.37 997272.17 881.31
845857.45 997267.07 882.23
845850.87 997265.77 882.91
845833.15 997266.12 884.29
845811.89 997267.74 885.78
845793.86 997269.76 886.49
845780.02 997272.73 887.15
845775.73 997271.34 887.81
845772.17 997267.28 888.80
845772.75 997259.33 889.92
845780.96 997242.74 890.72
845791.23 997226.15 892.13
845799.02 997211.06 893.57
845796.57 997208.68 894.24
845785.29 997203.26 896.09
845781.71 997201.46 897.32
845776.76 997198.34 897.41
845782.18 997188.58 898.19
845787.10 997191.23 898.24
845789.28 997192.17 897.36
845797.96 997172.93 898.75
845795.38 997171.87 899.80
845790.02 997170.15 899.53
845797.39 997168.08 900.00
845795.64 997173.54 899.77
845810.22 997168.68 897.93
845823.53 997166.93 896.68
845826.45 997164.89 896.39
845844.15 997161.69 894.81
845854.31 997161.63 894.85
845871.73 997158.95 897.99
845887.88 997156.16 899.58
845903.45 997154.48 900.34
845908.36 997173.59 898.67
845912.85 997192.41 896.71
845916.40 997210.47 894.50
845918.05 997218.59 893.34
845921.70 997231.14 891.36
845924.67 997242.57 889.26
845923.16 997253.83 886.89
845914.33 997263.71 884.13
845906.17 997267.20 883.36
845902.82 997270.33 882.75
845902.21 997273.59 882.24
845914.76 997263.27 884.23
845900.74 997251.65 885.68
845884.96 997241.43 886.70
845872.72 997235.23 887.53
845868.64 997274.34 880.52
845865.97 997261.91 882.21
845862.50 997248.24 884.38
845860.61 997234.94 886.60
845859.06 997221.64 888.77
845858.83 997221.15 888.83
845861.79 997219.05 889.17
845861.25 997216.13 890.44
845860.44 997214.65 890.56
845858.54 997212.41 889.70
845857.91 997214.34 889.65
845861.04 997218.64 889.28
845864.04 997218.26 889.51
845862.67 997214.94 890.52
845861.90 997213.78 890.58
845860.99 997211.69 889.84
845867.36 997212.50 890.97
845865.51 997211.17 890.83
845863.50 997210.12 890.09
845866.52 997206.59 891.42
845864.50 997199.34 892.10
845863.30 997194.34 892.42
845862.04 997188.32 892.45
845858.98 997184.83 892.70
845853.38 997182.63 892.55
845849.70 997184.96 892.50
845845.96 997188.62 892.23
845841.67 997193.43 891.82
845835.82 997199.46 891.60
845832.28 997205.89 891.33
845831.88 997208.81 891.12
845832.86 997208.45 891.01
845834.42 997207.80 890.37
845832.05 997211.29 890.81
845833.18 997210.60 891.04
845834.37 997209.63 890.95
845835.36 997208.75 890.23
845834.13 997214.99 889.85
845836.21 997212.75 890.75
845837.45 997211.03 890.81
845837.98 997209.84 890.10
845839.56 997218.52 889.50
845841.87 997215.00 890.48
845843.15 997213.73 890.51
845843.57 997212.88 889.92
845847.18 997222.94 888.79
845848.71 997217.59 890.56
845848.63 997216.28 890.66
845848.75 997214.11 889.54
845854.24 997223.15 888.71
845853.27 997218.41 890.52
845853.11 997216.32 890.59
845852.74 997214.09 889.47
845858.58 997221.06 888.90
845856.61 997217.82 890.32
845855.64 997215.69 890.50
845855.24 997213.94 889.65
845856.70 997214.40 889.63
845860.45 997220.03 889.08
845853.55 997215.11 890.68
845850.89 997214.72 890.38
845844.89 997214.48 890.60
845842.79 997213.18 890.73
845836.89 997210.45 891.15
845851.16 997190.29 892.04
845854.83 997196.52 890.62
845860.15 997199.00 890.63
845862.31 997204.51 890.17
845863.12 997208.41 890.01
845855.69 997204.60 889.89
845849.24 997201.45 890.21
845848.37 997205.75 889.78
845848.98 997195.69 890.58
845843.57 997197.57 890.53
845837.47 997200.65 890.78
845856.12 997182.83 892.55
845853.79 997173.50 893.49
845850.14 997162.94 894.51
845823.14 997171.09 896.16
845819.12 997169.64 897.22
845815.59 997174.01 897.04
845818.64 997175.87 895.94
845812.37 997184.45 895.69
845807.43 997189.47 895.81
845809.81 997190.14 895.32
845804.69 997197.55 895.05
845806.04 997198.13 894.62
845802.25 997203.59 894.49
845874.80 997183.17 895.89
845877.13 997184.57 896.00
845878.53 997182.12 896.10
845876.10 997180.84 896.10
845873.78 997193.83 894.01
845878.11 997189.63 895.39
845879.83 997181.47 896.31
845871.57 997178.16 895.87
845868.40 997177.99 895.03
845868.42 997181.12 894.61
845870.66 997181.05 895.42
845868.93 997185.64 894.28
845871.49 997184.98 895.21
845907.95 997171.32 898.84
845888.26 997175.05 897.56
845870.14 997176.68 895.66
845852.72 997179.78 892.88
845837.43 997184.43 893.15
845820.93 997185.94 894.26
845804.99 997190.42 896.05
845791.74 997190.03 897.31
845798.73 997212.47 893.40
845815.83 997214.48 891.78
845834.27 997219.48 889.34
845853.11 997223.29 888.77
845871.49 997221.71 889.82
845888.04 997219.83 891.49
845916.70 997215.09 893.87
845914.49 997202.17 895.45
845900.35 997202.24 895.06
845886.29 997202.93 894.23
845874.76 997203.58 893.20
845905.11 997229.51 890.50
845893.15 997231.51 889.68
845874.86 997236.61 887.33
845857.37 997242.39 885.56
845839.31 997248.79 885.94
845820.50 997249.19 886.85
845801.24 997252.22 887.62
845789.56 997246.34 889.51
845843.73 997247.03 885.72
845884.86 997266.46 881.95
845893.07 997254.84 884.82
845857.40 997234.50 886.89
845839.42 997232.54 887.80
845831.54 997229.94 888.35
845825.83 997224.64 889.19
845821.62 997218.46 890.47
845817.72 997207.63 892.30
845807.59 997223.84 891.05
845803.28 997232.03 890.16
845796.73 997241.86 889.34
845805.98 997241.42 888.50
845814.48 997236.84 888.29
845903.24 997154.41 900.37
845882.53 997157.28 899.10
845859.94 997160.32 895.83
845838.54 997161.80 895.18
845817.80 997162.08 897.85
845800.17 997163.10 899.71
845798.05 997162.66 900.47
845803.22 997143.76 900.77
845819.43 997142.27 899.21
845834.53 997140.82 897.51
845851.50 997137.66 897.35
845865.39 997134.92 899.74
845881.42 997132.17 901.64
845897.33 997128.65 902.93
845894.18 997113.00 904.39
845877.15 997113.65 903.06
845860.31 997114.31 901.43
845843.39 997114.15 899.39
845826.89 997114.76 899.33
845811.24 997116.86 901.46
845803.01 997117.12 902.38
845801.82 997101.00 903.67
845817.79 997099.66 901.66
845834.90 997096.32 900.60
845855.65 997091.81 903.26
845871.72 997089.81 904.84
845889.41 997086.46 906.12
845886.31 997070.69 907.27
845869.45 997072.03 906.32
845852.51 997073.56 904.85
845835.95 997074.51 902.90
845818.96 997074.67 902.95
845804.34 997076.21 904.69
845799.90 997077.25 905.20
845798.62 997061.15 906.35
845814.09 997059.58 904.38
845830.27 997057.02 903.94
845844.58 997054.01 905.52
845859.01 997049.82 906.94
845873.60 997044.96 908.20
845878.24 997043.09 908.69
845874.32 997028.71 909.76
845858.62 997032.47 908.33
845843.94 997035.98 906.71
845828.12 997039.81 905.50
845812.08 997042.61 905.71
845795.78 997042.72 907.33
845794.35 997027.61 908.28
845810.42 997025.50 906.71
845825.91 997025.47 906.88
845840.41 997021.09 907.80
845854.76 997015.79 909.27
845863.67 997011.38 910.66
845850.31 997001.38 910.62
845834.32 997004.55 909.60
845818.86 997007.11 908.61
845801.87 997010.12 908.14
845793.67 997010.91 908.68
845791.46 996995.68 909.35
845809.90 996994.07 909.55
845826.95 996994.62 910.02
845838.60 996994.60 910.55
845819.66 996988.28 910.56
845805.29 996986.20 910.47
845797.58 996985.57 910.48
845791.97 996983.69 910.70
845791.26 996988.10 910.17
845791.84 996986.96 910.26
845787.19 996987.05 911.03
845780.80 996988.17 910.81
845783.29 997001.43 910.15
845789.05 997001.28 910.29
845790.12 997001.39 910.16
845791.37 997015.68 909.57
845790.47 997015.64 909.66
845784.88 997016.44 909.43
845786.21 997030.30 908.66
845791.80 997030.37 908.86
845793.11 997044.03 908.19
845787.44 997044.82 907.99
845788.84 997059.02 907.36
845793.83 997058.74 907.45
845797.61 997058.38 906.66
845796.12 997044.43 907.22
845794.74 997030.43 908.07
845789.81 997073.54 906.40
845795.20 997073.24 906.52
845799.12 997072.88 905.60
845799.95 997088.09 904.66
845796.71 997088.53 905.49
845791.11 997089.50 905.35
845792.15 997103.69 904.36
845798.22 997103.66 904.42
845801.21 997103.68 903.60
845801.95 997117.96 902.46
845799.21 997117.79 903.39
845793.29 997117.97 903.21
845793.90 997133.28 902.08
845799.80 997135.97 902.21
845803.21 997136.10 901.16
845802.13 997150.74 900.62
845799.91 997150.43 901.34
845794.06 997149.71 901.06
845800.05 997132.11 902.60
845802.81 997087.44 904.41
845796.06 997071.48 906.68
845794.24 997049.27 907.90
845791.21 997028.81 908.98
845791.23 997014.87 909.59
845790.01 997001.40 910.17
845788.29 996989.72 910.91
845786.28 996981.53 911.30
845787.65 996980.30 911.22
845789.44 996979.86 911.26
845794.49 996980.24 911.09
845806.65 996982.16 911.12
845822.18 996985.27 910.99
845828.55 996986.66 911.00
845839.49 996989.96 910.96
845853.11 996996.13 911.03
845864.87 997005.28 910.84
845874.88 997017.88 910.35
845877.54 997017.90 910.37
845872.56 997010.49 910.68
845864.48 997001.70 910.94
845853.66 996993.68 911.04
845842.45 996988.24 911.06
845829.39 996984.08 911.11
845814.91 996981.11 911.11
845797.19 996977.92 911.12
845788.61 996976.54 911.38
845785.02 996974.97 911.58
845782.88 996959.93 912.26
845781.54 996943.45 913.16
845775.54 996943.64 913.10
845775.72 996952.96 912.63
845774.27 996957.17 912.38
845772.59 996959.15 912.37
845770.77 996960.69 912.36
845766.55 996962.64 912.39
845762.60 996963.25 912.33
845758.44 996962.10 912.51
845751.71 996958.88 912.64
845748.91 996963.25 912.65
845757.99 996969.19 912.28
845771.88 996978.21 911.49
845775.58 996980.66 911.27
845779.53 996985.21 910.94
845781.02 996988.88 910.78
845873.68 997158.85 898.24
845829.86 997141.00 897.96
845826.87 997140.65 898.69
845827.33 997145.22 898.33
845829.90 997145.20 897.73
845830.13 997148.72 897.65
845828.02 997148.44 898.16
845828.02 997151.68 898.03
845829.76 997152.31 897.23
845828.08 997156.78 897.06
845826.41 997156.18 897.69
845824.58 997160.00 897.48
845826.39 997160.52 896.79
845822.27 997172.46 896.06
845818.78 997170.87 897.14
845813.62 997176.61 896.85
845815.64 997178.38 895.99
845854.17 997182.08 892.62
845851.72 997170.53 893.69
845848.77 997158.65 894.99
845846.84 997145.45 896.00
845842.57 997132.72 897.09
845837.58 997119.50 898.29
845835.94 997105.52 899.56
845833.01 997088.53 901.29
845831.06 997072.82 902.53
845828.51 997058.70 903.64