846158.95	997575.92	840.047
846158.63	997576.68	840.036
846166.79	997574.42	839.928
846181.99	997569.44	839.897
846182.43	997570.55	839.879
846189.41	997568.69	840.057
846166.12	997574.11	840.029
846182.31	997568.81	840.954
846182.71	997569.85	841.396
846158.51	997574.49	840.202
846157.97	997574.64	840.135
846179.05	997569.60	840.029
846179.58	997571.62	839.899
846180.80	997571.31	839.895
846180.26	997569.30	840.041
846198.52	997573.62	838.779
846198.90	997575.20	838.596
846182.79	997581.29	837.985
846158.59	997587.80	837.531
846159.76	997583.18	838.902
846163.74	997582.52	838.868
846164.36	997582.50	838.846
846175.75	997578.85	839.299
846175.75	997578.85	839.298
846196.54	997573.52	838.988
846161.83	997574.95	841.888
846161.82	997574.96	843.013
846164.71	997574.19	841.904
846164.71	997574.19	843.025
846164.17	997574.32	843.018
846164.17	997574.32	841.899
846161.28	997575.09	842.994
846161.30	997575.09	841.881
846161.91	997575.15	841.852
846160.21	997575.60	841.843
846160.20	997575.60	843.024
846161.89	997575.14	843.048
846163.08	997574.82	843.045
846163.09	997574.82	841.858
846164.79	997574.38	841.868
846164.78	997574.37	843.039
846168.75	997572.21	841.900
846168.76	997572.21	843.227
846167.96	997572.42	843.264
846168.26	997572.17	841.952
846168.67	997572.03	842.015
846168.67	997572.03	843.162
846187.77	997562.48	840.605
846191.42	997561.48	840.511
846189.58	997554.71	840.782
846192.50	997553.37	840.819
846190.70	997561.01	841.009
846187.07	997562.06	841.014
846188.74	997568.21	841.003
846165.88	997573.02	840.960
846197.58	997560.52	842.083
846196.04	997555.75	842.943
846198.06	997552.44	842.610
846205.53	997550.00	841.579
846205.25	997549.20	841.035
846201.54	997550.25	840.955
846197.44	997551.47	840.905
846197.07	997551.88	840.980
846192.49	997553.35	840.815
846188.89	997553.89	840.748
846185.39	997554.70	840.702
846180.56	997555.89	840.870
846179.72	997556.11	840.864
846171.56	997558.22	840.588
846170.13	997558.62	840.585
846189.08	997554.93	840.877
846188.17	997555.10	840.906
846185.71	997555.78	840.889
846185.32	997555.87	840.946
846185.08	997555.08	840.831
846171.67	997558.54	840.640
846170.20	997558.96	840.644
846180.14	997541.34	843.104
846179.59	997541.20	843.138
846196.66	997536.77	842.928
846180.12	997541.33	843.366
846180.03	997541.09	843.378
846179.59	997541.20	843.348
846178.71	997538.16	843.394
846166.36	997539.31	843.716
846169.10	997552.65	840.873
846156.82	997534.16	844.358
846157.86	997539.35	843.945
846154.83	997546.38	844.451
846171.55	997558.23	840.574
846171.64	997558.58	840.603
846170.22	997558.94	840.616
846170.13	997558.62	840.570
846162.21	997560.62	840.464
846162.18	997560.56	840.441
846155.87	997562.18	840.437
846155.95	997562.48	840.504
846155.45	997562.66	840.377
846155.44	997562.66	840.381
846154.86	997562.84	840.339
846157.79	997571.61	840.404
846157.32	997571.77	840.402
846137.92	997549.60	842.691
846172.33	997557.19	840.487
846148.45	997565.52	840.388
846148.90	997557.34	841.237
846190.04	997547.10	841.865
846159.22	997575.40	843.682
846160.11	997575.30	843.053
846161.80	997574.87	843.061
846161.80	997574.86	841.908
846160.12	997575.30	841.893
846160.07	997575.19	843.061
846161.77	997574.73	843.064
846161.78	997574.72	841.894
846160.12	997575.30	841.894
846162.97	997574.40	843.073
846164.67	997573.95	843.077
846164.68	997573.95	841.911
846162.97	997574.40	841.899
846165.51	997573.70	841.079
846165.52	997573.72	843.709
846164.64	997570.34	843.708
846164.64	997570.34	842.419
846164.69	997570.51	842.416
846164.69	997570.51	842.315
846164.66	997570.46	842.292
846164.66	997570.46	841.507
846164.75	997570.80	841.441
846164.73	997570.81	841.074
846164.64	997570.83	841.093
846164.40	997570.91	841.089
846164.30	997570.94	841.093
846164.30	997570.94	841.456
846164.20	997570.59	841.456
846164.20	997570.58	841.086
846163.97	997570.64	841.097
846163.96	997570.65	842.298
846163.92	997570.69	842.413
846163.50	997569.15	842.412
846163.50	997569.15	842.315
846163.56	997569.19	842.293
846163.57	997569.17	841.074
846163.72	997569.51	841.603
846163.63	997569.55	841.593
846163.63	997569.53	841.491
846163.83	997570.29	841.494
846163.83	997570.29	841.588
846163.91	997570.24	841.600
846163.87	997570.29	842.181
846163.65	997569.52	842.185
846164.04	997570.50	842.417
846163.71	997569.28	842.419
846163.71	997569.27	843.711
846164.04	997570.50	843.711
846164.92	997571.42	842.669
846164.93	997571.41	841.969
846165.21	997572.55	841.973
846165.21	997572.55	842.671
846163.76	997567.15	843.703
846163.66	997567.17	843.701
846163.61	997567.05	843.699
846162.73	997567.28	843.173
846162.73	997567.29	841.080
846162.66	997567.04	841.078
846162.67	997567.03	843.161
846162.64	997567.03	841.080
846162.64	997567.03	841.080
846162.63	997567.04	843.031
846161.87	997567.63	843.692
846161.46	997567.74	843.691
846161.41	997567.64	843.692
846157.42	997568.68	843.689
846161.91	997567.61	841.090
846161.44	997567.74	841.101
846161.40	997567.64	841.101
846157.72	997569.82	841.900
846157.72	997569.83	843.076
846157.72	997569.83	843.076
846158.19	997571.55	841.893
846157.60	997569.87	841.921
846157.60	997569.87	843.064
846164.71	997574.08	841.928
846164.70	997574.08	843.075
846156.90	997566.71	842.538
846156.89	997566.71	843.118
846157.03	997567.25	843.118
846157.05	997567.25	842.535
846156.77	997566.75	842.546
846156.76	997566.75	843.120
846156.90	997567.29	843.122
846156.90	997567.28	842.552
846157.08	997567.33	841.067
846158.32	997566.30	841.071
846158.31	997566.30	843.043
846158.46	997566.90	843.045
846158.46	997566.89	841.088
846159.83	997565.86	841.423
846159.82	997565.85	843.013
846159.82	997565.85	843.032
846159.97	997566.43	843.031
846159.97	997566.44	841.081
846159.82	997565.78	843.716
846160.28	997567.57	843.714
846160.28	997567.55	841.068
846160.08	997566.78	841.076
846160.00	997566.50	841.074
846159.82	997565.78	841.065
846162.98	997566.81	841.090
846163.95	997566.56	842.029
846163.41	997566.74	843.712
846163.18	997565.88	843.715
846163.32	997565.83	843.722
846163.21	997565.39	843.711
846163.28	997565.36	843.705
846163.03	997564.41	843.701
846163.06	997564.41	843.134
846163.31	997565.36	843.130
846163.61	997565.27	843.127
846163.59	997565.16	843.127
846163.57	997564.26	843.132
846163.56	997565.15	841.089
846163.57	997564.27	841.093
846168.61	997563.46	841.182
846168.62	997563.47	843.464
846169.54	997562.00	842.926
846169.57	997562.00	841.168
846163.52	997564.23	843.116
846163.53	997564.23	841.093
846163.73	997565.06	843.122
846163.73	997565.03	843.605
846164.44	997564.88	843.615
846164.46	997564.87	841.103
846164.56	997565.30	843.607
846165.84	997564.98	843.466
846165.84	997564.96	843.612
846168.59	997563.47	842.745
846168.58	997563.45	841.102
846168.60	997563.46	843.492
846168.76	997563.42	843.501
846168.78	997563.41	843.625
846165.25	997564.38	843.622
846171.37	997564.36	843.605
846171.37	997560.39	843.628
846168.28	997560.39	843.626
846168.29	997561.29	843.618
846167.75	997561.30	843.623
846167.73	997561.28	841.094
846168.27	997561.30	841.104
846165.17	997561.24	843.025
846166.30	997564.36	843.271
846169.99	997564.35	842.677
846171.16	997564.36	842.666
846171.16	997564.36	841.972
846169.99	997564.35	841.979
846171.38	997563.32	841.950
846171.40	997563.32	843.268
846171.40	997562.40	843.277
846171.38	997562.40	841.961
846171.46	997563.31	841.967
846171.47	997563.31	843.265
846171.48	997562.40	843.277
846171.47	997562.41	841.977
846171.38	997562.26	841.964
846171.40	997562.25	843.272
846171.41	997561.34	843.279
846171.39	997561.36	841.968
846171.47	997561.35	843.269
846171.47	997561.36	841.986
846189.46	997548.17	840.927
846193.78	997570.33	840.179
846159.15	997580.64	840.018
846153.73	997557.97	840.544
846172.72	997552.71	840.752
846161.55	997573.49	841.079
846162.22	997565.54	841.092
846170.00	997562.63	841.078
846189.46	997548.17	840.938
846193.78	997570.33	840.188
846159.15	997580.64	840.041
846153.73	997557.96	840.562
846172.72	997552.71	840.768
846161.55	997573.49	841.092
846162.22	997565.52	841.095
846170.00	997562.63	841.099
846167.13	997570.84	841.090
846170.00	997562.63	841.086
846220.67	997538.53	841.661
